Title: triceratops: A Tool for Rapid Validation of TESS Objects of Interest and Application to 424 Planet Candidates
Authors: Giacalone S., Courtney C. D. 
Table: FPP Calculations for Classified TOIs
================================================================================
Byte-by-byte Description of file: tab4.txt
--------------------------------------------------------------------------------
   Bytes Format Units Label     Explanations
--------------------------------------------------------------------------------
   1-  7 F7.2   ---     TOI       TESS Object of Interest Number
   9- 13 F5.3   ---     PTFP-2m   Target False Positive Probability with 2-min data
  15- 19 F5.3   ---     PTFP-30m  Target False Positive Probability with 30-min data
  21- 25 F5.3   ---     PCFP-2m   Companion False Positive Probability with 2-min data
  27- 31 F5.3   ---     PCFP-30m  Companion False Positive Probability with 30-min data
  33- 37 F5.3   ---     PNFP-2m   Nearby False Positive Probability with 2-min data
  39- 43 F5.3   ---     PNFP-30m  Nearby False Positive Probability with 30-min data
  45- 49 F5.3   ---     FPP-2m    False Positive Probability with 2-min data
  51- 55 F5.3   ---     FPP-30m   False Positive Probability with 30-min data
  57- 58 A2     ---     TFOPdisp  TESS Follow-up Observation Program Disposition
  60- 63 F4.1   ---     Rp-2m     Planet Radius with 2-min data (Earth Radii)
  65- 69 F5.2   ---     Rp-30m    Planet Radius with 30-min data (Earth Radii)
--------------------------------------------------------------------------------
 101.01 0.006 0.779 0.004 0.062 0.000 0.000 0.011 0.841 CP 13.4 15.70 
 102.01 0.000 0.007 1.000 0.000             1.000 0.007 CP 16.1 16.10 
 103.01 0.000 0.017 0.778 0.448             0.778 0.465 CP 13.4 13.80 
 104.01 0.997 0.841 0.000 0.000             0.997 0.841 CP 14.2 14.10 
 105.01 0.000 1.000 0.000 0.000             0.000 1.000 CP 13.6 14.00 
 106.01 0.033 1.000 0.679 0.000 0.000 0.000 0.712 1.000 CP 16.0 15.70 
 107.01 0.000 0.992 0.000 0.000 0.000 0.000 0.000 0.992 CP 20.0 19.90 
 108.01 0.035 0.216 0.714 0.196             0.750 0.412 CP 12.1 11.70 
 109.01 0.022 0.076 0.489 0.297             0.510 0.374 CP 12.7 11.20 
 110.01 0.200 0.186 0.605 0.000             0.806 0.186 CP 12.8  7.90 
 111.01 0.668 0.125 0.000 0.418             0.668 0.544 CP 12.2 11.80 
 112.01 0.000 1.000 0.983 0.000 0.000 0.000 0.983 1.000 CP 14.0 14.10 
 113.01 0.080 0.899 0.817 0.012             0.897 0.911 CP 16.2 16.30 
 114.01 0.000 1.000 0.000 0.000 0.000 0.000 0.000 1.000 CP 10.7 10.70 
 115.01 0.177 0.204 0.057 0.000 0.001 0.056 0.234 0.259 CP  8.7  5.90 
 116.01 0.037 1.000 0.363 0.000             0.400 1.000 CP 12.2 12.30 
 118.01 0.166 0.247 0.000 0.000             0.166 0.247 CP  5.0  4.60 
 120.01 0.000 0.000 0.000 0.000             0.000 0.000 CP 11.9 11.60 
 121.01 0.000 0.000 0.888 0.358 0.000 0.000 0.888 0.358 FP 15.1 15.10 
 123.01 0.000 0.000 0.000 0.000 0.000 0.000 0.000 0.000 CP 18.7 17.10 
 125.01 0.005 0.957 0.000 0.000             0.005 0.957 CP  2.9  2.30 
 125.02 0.100 0.168 0.000 0.000             0.100 0.168 CP  2.9  2.80 
 126.01 0.047 0.987 0.698 0.002             0.745 0.989 CP 14.9 15.60 
 127.01 0.003 0.504 0.000 0.000             0.003 0.504 CP 10.4 10.10 
 135.01 0.001 1.000 0.000 0.000             0.001 1.000 CP 14.5 16.00 
 136.01 0.000 0.994 0.000 0.000 0.000 0.006 0.000 1.000 CP  1.3  1.10 
 141.01 0.143 0.287 0.000 0.000 0.000 0.000 0.143 0.287 CP  1.8  1.60 
 143.01 0.757 1.000 0.067 0.000 0.000 0.000 0.824 1.000 CP 14.3 17.50 
 174.01 0.201 0.302 0.000 0.000 0.000 0.015 0.201 0.318 CP  2.3  1.40 
 174.02 0.138 0.313 0.000 0.000 0.000 0.000 0.138 0.313 CP  1.7  1.80 
 175.01 0.001 0.980 0.000 0.000             0.001 0.980 CP  1.4  1.30 
 175.02 0.182 0.108 0.000 0.000             0.182 0.108 CP  1.6  1.30 
 175.03 0.113 0.128 0.000 0.000 0.000 0.000 0.113 0.128 CP  0.7  0.60 
 180.01 0.086 0.001 0.000 0.000 0.913 0.999 0.999 1.000 FP 29.0 16.10 
 184.01 1.000 0.623 0.000 0.368             1.000 0.991 FP 24.7 26.40 
 185.01 0.000 1.000 1.000 0.000             1.000 1.000 CP 14.5 14.50 
 187.01 1.000 1.000 0.000 0.000             1.000 1.000 FP 11.0 10.20 
 188.01 0.155 0.051 0.000 0.007 0.042 0.006 0.198 0.064 FP  4.4  5.00 
 189.01 1.000 1.000 0.000 0.000             1.000 1.000 FP 10.9  7.10 
 190.01 1.000 1.000 0.000 0.000             1.000 1.000 CP 12.1 12.00 
 191.01 1.000 1.000 0.000 0.000 0.000 0.000 1.000 1.000 CP 12.6 10.40 
 192.01 0.000 1.000 0.000 0.000             0.000 1.000 CP  7.0  7.10 
 195.01 0.000 1.000 0.681 0.000             0.681 1.000 CP 13.5 13.60 
 207.01 0.178 0.982 0.793 0.013             0.971 0.995 FP 28.7 19.30 
 216.01 0.487 0.966 0.018 0.000             0.505 0.967 CP 10.8 11.40 
 217.01 0.999 0.082 0.000 0.000 0.000 0.041 0.999 0.124 FP  3.1  3.10 
 219.01 0.017 0.274 0.000 0.000 0.000 0.000 0.017 0.274 FP 31.8 32.80 
 228.01 0.189 0.265 0.646 0.524 0.000 0.000 0.835 0.789 CP 13.8 15.50 
 229.01 0.015 0.930 0.374 0.000             0.388 0.930 CP 10.7 10.90 
 231.01 0.000 1.000 0.160 0.000             0.160 1.000 CP 13.5 14.60 
 232.01 0.000 1.000 0.997 0.000             0.997 1.000 CP 15.9 16.10 
 236.01 0.000 0.000 0.000 0.000             0.000 0.000 FP 26.9 26.70 
 239.01 0.000 0.145 0.000 0.000 0.000 0.000 0.000 0.145 CP  9.9 10.00 
 241.01 0.000 0.623 0.901 0.104 0.000 0.000 0.901 0.727 CP 13.3 12.30 
 242.01 0.000 0.000 0.992 0.584             0.992 0.584 FP 19.7 19.90 
 243.01 0.550 0.998 0.000 0.000             0.550 0.998 FP 26.6 26.30 
 247.01 0.152 0.670 0.775 0.015             0.928 0.685 CP 14.0 14.70 
 250.01 0.000 1.000 0.664 0.000             0.664 1.000 CP 13.1 13.00 
 255.01 0.001 1.000 0.614 0.000             0.615 1.000 CP 13.0 13.40 
 256.02 0.072 0.051 0.000 0.000 0.314 0.949 0.386 1.000 CP  1.3  1.30 
 258.01 0.120 0.115 0.118 0.022 0.738 0.712 0.976 0.849 FP 10.9 14.10 
 259.01 0.193 0.212 0.465 0.307             0.658 0.519 CP 13.2 11.30 
 264.01 0.994 0.967 0.004 0.000             0.998 0.967 CP 11.7 20.50 
 265.01 0.081 0.492 0.051 0.074             0.132 0.567 CP  9.6  9.60 
 267.01 0.000 1.000 0.000 0.000             0.000 1.000 CP 12.8 12.80 
 272.01 0.266 1.000 0.269 0.000             0.536 1.000 CP 12.8 12.50 
 273.01 0.007 0.005 0.000 0.000 0.993 0.995 1.000 1.000 FP  3.8  4.70 
 275.01 1.000 1.000 0.000 0.000             1.000 1.000 FP 10.9 10.90 
 276.01 0.048 0.064 0.855 0.821             0.904 0.884 FP 17.6 18.10 
 388.01 0.005 0.000 0.000 0.000             0.005 0.000 CP 15.9 13.40 
 390.01 0.765 0.004 0.000 0.000 0.233 0.996 0.998 1.000 FP  6.1  6.10 
 391.01 0.058 1.000 0.527 0.000             0.585 1.000 CP 14.3 13.60 
 398.01 0.000 1.000 1.000 0.000 0.000 0.000 1.000 1.000 CP 13.7 13.60 
 399.01 0.289 0.104 0.000 0.000 0.059 0.000 0.348 0.104 FP  2.5  3.10 
 400.01 0.259 0.399 0.000 0.005             0.259 0.404 CP 12.1 13.60 
 402.01 0.131 0.034 0.000 0.000             0.131 0.034 CP  1.7  1.80 
 402.02 0.172 0.153 0.000 0.000             0.172 0.153 CP  1.8  2.50 
 403.01 0.000 1.000 0.630 0.000             0.630 1.000 CP 13.4 13.50 
 404.01 0.003 0.009 0.897 0.729             0.900 0.738 CP 12.1 14.10 
 408.01 0.007 0.002 0.000 0.000 0.991 0.996 0.998 0.998 FP  3.3  3.30 
 412.01 0.035 0.992 0.000 0.000 0.962 0.008 0.997 1.000 FP 14.9 33.00 
 413.01 0.005 1.000 0.994 0.000             0.999 1.000 CP 18.6 18.60 
 414.01 1.000 1.000 0.000 0.000 0.000 0.000 1.000 1.000 FP 10.8 10.30 
 415.01 0.318 0.625 0.368 0.142             0.686 0.768 CP 13.4 12.70 
 418.01 0.000 0.328 0.001 0.000 0.000 0.670 0.001 0.998 CP 14.2 15.10 
 434.01 0.000 0.014 0.577 0.118 0.000 0.000 0.577 0.132 CP 13.6 11.90 
 437.01 0.150 0.230 0.618 0.317             0.769 0.547 CP 12.5 10.90 
 450.01 0.552 0.143 0.000 0.000             0.552 0.143 FP 19.5 33.00 
 455.01 0.000 0.000 0.000 0.000 0.080 0.281 0.080 0.281 CP  1.5  1.40 
 459.01 0.366 0.429 0.614 0.000 0.000 0.001 0.980 0.431 FP 77.3  7.10 
 465.01 0.058 0.705 0.000 0.000             0.058 0.705 CP  6.5  6.30 
 466.01 0.228 0.213 0.708 0.745 0.009 0.000 0.945 0.957 CP 18.2 22.10 
 467.01 0.413 0.420 0.000 0.000 0.587 0.360 1.000 0.780 FP  4.0  4.60 
 468.01 0.015 0.989 0.026 0.000             0.041 0.989 CP 10.4 10.00 
 471.01 0.322 0.936 0.527 0.000             0.849 0.936 CP 16.2 16.80 
 472.01 1.000 1.000 0.000 0.000             1.000 1.000 FP 33.0 14.40 
 473.01 0.003 0.002 0.566 0.000 0.229 0.998 0.798 1.000 CP 17.1 15.90 
 474.01 0.001 0.130 0.618 0.384 0.000 0.000 0.619 0.514 CP 12.9 14.60 
 477.01 0.005 1.000 0.690 0.000             0.695 1.000 CP 13.2 13.70 
 478.01 0.216 0.121 0.741 0.457 0.000 0.000 0.957 0.578 FP 16.7 18.80 
 479.01 0.138 1.000 0.558 0.000             0.696 1.000 CP 13.0 12.90 
 483.01 0.001 0.661 0.000 0.000             0.001 0.661 CP 15.6 15.50 
 485.01 0.001 0.000 0.000 0.000 0.999 1.000 1.000 1.000 FP  7.3  7.90 
 489.01 0.002 0.199 0.003 0.023 0.000 0.000 0.005 0.222 CP 13.8 14.10 
 490.01 0.055 0.971 0.868 0.000 0.000 0.000 0.923 0.971 CP 16.3 16.00 
 491.01 0.000 0.000 0.672 0.643 0.000 0.000 0.672 0.643 CP 13.3 13.50 
 492.01 0.227 0.314 0.261 0.422 0.000 0.000 0.488 0.737 CP 14.5 14.10 
 495.01 0.000 1.000 0.903 0.000             0.903 1.000 CP 20.6 19.60 
 496.01 1.000 1.000 0.000 0.000 0.000 0.000 1.000 1.000 FP 68.1 67.60 
 497.01 0.051 0.379 0.000 0.000 0.949 0.621 1.000 1.000 FP  3.5  6.70 
 498.01 0.035 0.072 0.315 0.146 0.533 0.405 0.882 0.623 FP  4.8 80.80 
 501.01 0.999 0.001 0.000 0.000 0.000 0.000 0.999 0.001 CP 18.9 18.70 
 505.01 0.000 1.000 0.000 0.000 0.000 0.000 0.000 1.000 CP 16.2 17.00 
 506.01 0.286 0.052 0.000 0.000 0.093 0.709 0.379 0.760 FP  6.3  6.80 
 508.01 0.000 0.750 0.012 0.010             0.012 0.761 CP 16.9 19.40 
 511.01 0.000 1.000 0.859 0.000 0.000 0.000 0.859 1.000 CP 14.5 17.90 
 513.01 0.002 1.000 0.000 0.000 0.998 0.000 1.000 1.000 FP  4.8  3.50 
 514.01 0.194 0.249 0.089 0.002             0.284 0.251 CP 10.3  8.60 
 516.01 0.777 0.079 0.000 0.745 0.000 0.000 0.777 0.824 FP 14.2 24.60 
 517.01 0.113 0.160 0.224 0.170 0.101 0.158 0.438 0.488 FP  8.9  9.20 
 528.01 0.988 1.000 0.000 0.000             0.988 1.000 FP  6.7  8.70 
 529.01 1.000 1.000 0.000 0.000 0.000 0.000 1.000 1.000 FP  5.9  8.10 
 531.01 0.001 0.000 0.000 0.000 0.999 1.000 1.000 1.000 FP  2.6  2.50 
 534.01 0.068 0.072 0.170 0.001 0.730 0.926 0.968 0.999 CP 16.3 15.00 
 535.01 0.151 0.084 0.524 0.241 0.258 0.637 0.934 0.963 CP 22.8 18.90 
 545.01 0.069 0.179 0.687 0.392 0.008 0.288 0.764 0.859 CP 16.7 15.90 
 546.01 0.118 0.160 0.710 0.771 0.000 0.000 0.829 0.931 CP 17.0 24.90 
 547.01 0.229 0.241 0.660 0.657 0.000 0.008 0.889 0.906 CP 16.5 17.20 
 548.01 0.003 0.006 0.000 0.000 0.000 0.000 0.003 0.006 CP 11.4 10.20 
 549.01 0.189 0.673 0.000 0.000 0.000 0.327 0.189 1.000 FP  4.2  4.10 
 551.01 0.544 0.226 0.002 0.057 0.000 0.000 0.545 0.283 CP 20.6 10.30 
 556.01 1.000 0.194 0.000 0.000 0.000 0.024 1.000 0.218 FP  2.6  1.70 
 565.01 0.165 0.238 0.821 0.730 0.000 0.000 0.986 0.968 FP 20.5 18.20 
 566.01 1.000 1.000 0.000 0.000 0.000 0.000 1.000 1.000 FP  2.8  2.80 
 567.01 0.074 1.000 0.681 0.000 0.000 0.000 0.755 1.000 CP 15.9 16.40 
 571.01 0.000 0.737 0.602 0.000             0.602 0.737 CP 11.4 11.10 
 572.01 0.060 1.000 0.908 0.000             0.969 1.000 FP 17.0 13.40 
 574.01 0.044 0.049 0.000 0.000 0.000 0.419 0.044 0.468 CP 19.8 14.70 
 576.01 0.129 0.000 0.000 0.000 0.000 0.000 0.129 0.000 CP  6.9  6.10 
 577.01 0.270 0.273 0.706 0.645             0.976 0.918 FP 22.2 20.70 
 621.01 0.000 0.037 0.990 0.960             0.990 0.997 FP 20.8 19.70 
 623.01 0.999 0.093 0.001 0.827             1.000 0.920 FP 18.1 14.40 
 633.01 0.001 0.202 0.000 0.005 0.014 0.023 0.015 0.230 FP  3.5  3.30 
 639.01 1.000 1.000 0.000 0.000             1.000 1.000 FP 10.2  5.90 
 643.01 0.000 0.433 0.000 0.000 1.000 0.567 1.000 1.000 FP  7.0 10.70 
 653.01 0.000 1.000 0.000 0.000 1.000 0.000 1.000 1.000 FP 13.5 14.90 
 655.01 0.093 0.999 0.907 0.000             0.999 0.999 CP 17.2 17.20 
 656.01 0.002 1.000 0.998 0.000             1.000 1.000 CP 12.2 13.70 
 657.01 0.000 0.002 0.358 0.000             0.358 0.002 CP 12.5 10.00 
 660.01 0.001 0.065 0.001 0.000             0.002 0.065 CP 11.5 10.20 
 661.01 0.124 1.000 0.056 0.000 0.000 0.000 0.180 1.000 CP 14.1 14.40 
 662.01 0.266 1.000 0.000 0.000 0.734 0.000 1.000 1.000 FP  2.3  2.60 
 665.01 1.000 1.000 0.000 0.000             1.000 1.000 FP 20.0 33.00 
 667.01 0.103 1.000 0.000 0.000 0.000 0.000 0.103 1.000 CP  1.2  1.30 
 668.01 0.000 0.022 0.368 0.882             0.368 0.903 FP 16.1 18.20 
 670.01 0.005 0.054 0.000 0.000 0.987 0.195 0.992 0.249 FP  3.7  2.80 
 671.01 0.000 0.001 0.000 0.999             0.000 1.000 FP 24.6 26.40 
 673.01 0.000 0.001 0.964 0.947 0.000 0.000 0.964 0.948 FP 20.1 20.30 
 675.01 0.000 1.000 0.000 0.000             0.000 1.000 CP 14.0 12.80 
 677.01 1.000 0.041 0.000 0.941 0.000 0.000 1.000 0.983 CP 14.3 14.30 
 679.01 0.108 0.155 0.881 0.834 0.000 0.000 0.990 0.989 FP 15.1 15.10 
 683.01 0.039 0.981 0.901 0.018 0.000 0.000 0.940 0.999 CP 18.0 17.30 
 701.01 0.225 0.140 0.000 0.000             0.225 0.140 FP  3.5  3.00 
 744.01 0.006 0.853 0.640 0.001             0.646 0.854 CP 14.8 14.60 
 747.01 0.017 0.575 0.014 0.323 0.000 0.000 0.031 0.898 CP 14.8 12.80 
 748.01 0.203 0.140 0.240 0.574 0.543 0.280 0.986 0.993 CP 21.8 20.10 
 750.01 0.000 0.251 0.704 0.474             0.704 0.724 CP 15.0 13.40 
 751.01 0.069 0.414 0.678 0.018             0.747 0.432 CP 12.7  9.00 
 752.01 0.999 0.268 0.001 0.552 0.000 0.000 0.999 0.820 CP 14.8 14.60 
 759.01 0.209 0.033 0.683 0.045 0.000 0.898 0.893 0.976 FP 13.8 13.20 
 760.01 0.079 0.245 0.917 0.748 0.000 0.000 0.996 0.993 FP 26.2 26.10 
 764.01 1.000 1.000 0.000 0.000             1.000 1.000 FP 32.3 33.00 
 766.01 0.253 1.000 0.737 0.000             0.991 1.000 CP 14.9 13.10 
 767.01 0.001 0.555 0.544 0.154             0.544 0.709 CP 15.4 14.50 
 768.01 0.001 0.002 0.588 0.909             0.589 0.912 FP 18.4 20.20 
 769.01 0.241 0.497 0.409 0.008             0.650 0.505 CP 12.5 11.50 
 770.01 0.003 0.080 0.300 0.768 0.000 0.001 0.303 0.850 CP 12.4 13.60 
 773.01 0.001 0.095 0.417 0.094             0.417 0.190 CP 12.4 12.00 
 774.01 0.000 0.000 0.803 0.865             0.803 0.865 CP 15.9 15.80 
 780.01 0.000 1.000 0.000 0.000             0.000 1.000 CP 12.8 12.60 
 781.01 0.000 0.008 0.594 0.361             0.594 0.369 CP 12.6 12.80 
 818.01 0.114 0.323 0.662 0.545             0.776 0.869 CP 13.4 13.20 
 819.01 0.310 0.239 0.132 0.119 0.000 0.000 0.442 0.358 CP 10.8 11.30 
 820.01 0.000 0.063 0.906 0.762             0.906 0.825 CP 14.3 13.30 
 822.01 0.001 0.115 0.945 0.373             0.947 0.488 CP 11.5 11.80 
 826.01 0.150 0.467 0.539 0.114 0.000 0.000 0.689 0.581 CP 11.4 11.60 
 834.01 0.000 1.000 0.986 0.000             0.986 1.000 CP 15.4 15.00 
 843.01 0.257 0.242 0.530 0.689             0.787 0.931 CP 14.3 20.90 
 909.01 0.478 0.130 0.000 0.000 0.522 0.869 1.000 1.000 FP  2.8  2.10 
1049.01 0.000 1.000 0.594 0.000 0.000 0.000 0.594 1.000 CP 11.6 10.70 
1050.01 0.000 1.000 0.961 0.000             0.961 1.000 CP 20.3 19.90 
1065.01 0.220 0.162 0.567 0.205 0.000 0.041 0.788 0.409 CP 14.4 10.10 
1066.01 0.278 0.020 0.341 0.007 0.000 0.967 0.619 0.994 CP 15.6 13.30 
1068.01 0.138 0.212 0.578 0.377 0.000 0.000 0.716 0.589 CP 14.2 11.80 
1069.01 0.000 1.000 0.244 0.000             0.245 1.000 CP 13.9 14.10 
1071.01 0.353 0.495 0.271 0.007 0.000 0.000 0.624 0.502 CP 13.2 13.70 
1073.01 0.152 0.140 0.305 0.000 0.000 0.018 0.457 0.157 CP 11.5  5.00 
1076.01 0.209 0.538 0.473 0.233             0.682 0.771 CP 13.9 13.20 
1084.01 0.001 1.000 0.742 0.000 0.000 0.000 0.743 1.000 CP 15.8 12.20 
1144.01 0.001 1.000 0.000 0.000             0.001 1.000 CP  5.1  5.10 
1148.01 1.000 1.000 0.000 0.000 0.000 0.000 1.000 1.000 CP 14.8 15.00 
1150.01 0.000 1.000 0.972 0.000             0.972 1.000 CP 21.0 20.10 
1153.01 0.305 0.336 0.692 0.649             0.996 0.986 FP 21.5 17.60 
1165.01 0.014 1.000 0.986 0.000             1.000 1.000 CP 15.6 15.60 
1236.01 0.000 1.000 0.361 0.000 0.000 0.000 0.361 1.000 CP 11.8 10.30 
1237.01 0.191 0.124 0.001 0.000 0.328 0.360 0.519 0.484 CP  5.3  5.90 
1240.01 0.179 0.144 0.409 0.346 0.297 0.438 0.885 0.928 CP 14.6 16.20 
1265.01 0.000 1.000 0.000 0.000             0.000 1.000 CP 17.1 16.80 
1282.01 0.000 1.000 0.808 0.000 0.000 0.000 0.808 1.000 CP 16.3 13.40 
1283.01 0.000 1.000 0.095 0.000 0.000 0.000 0.095 1.000 CP 12.3 11.90 
1285.01 0.164 0.918 0.000 0.000 0.836 0.001 1.000 0.919 FP  2.0  1.60 
1290.01 0.253 0.194 0.000 0.000 0.005 0.000 0.259 0.194 CP  1.9  2.80 
1419.01 0.063 0.831 0.136 0.006             0.200 0.837 CP  9.7  9.70 
