Title: triceratops: A Tool for Rapid Validation of TESS Objects of Interest and Application to 424 Planet Candidates
Authors: Giacalone S., Courtney C. D. 
Table: FPP Calculations for Unclassified TOIs
================================================================================
Byte-by-byte Description of file: tab5.txt
--------------------------------------------------------------------------------
   Bytes Format Units Label  Explanations
--------------------------------------------------------------------------------
   1-  7 F7.2   ---     TOI    TESS Object of Interest Number
   9- 13 F5.3   ---     PTFP   Target False Positive Probability
  15- 19 F5.3   ---     PCFP   Companion False Positive Probability
  21- 25 F5.3   ---     PNFP   Nearby False Positive Probability
  27- 31 F5.3   ---     FPP    False Positive Probability
  33- 37 F5.1   ---     Rp     Planet Radius (Earth Radii)
  39- 41 I3     ---     Ncont  Number of Bright Contaminants in Aperture
--------------------------------------------------------------------------------
1051.01 0.000 0.000 1.000 1.000   2.2   1 
1052.01 0.035 0.000 0.101 0.136   3.1   3 
1053.01 0.035 0.000 0.811 0.847   3.4   5 
1054.01 0.002 0.000 0.000 0.002   2.9   1 
1055.01 0.037 0.000       0.037   3.4   0 
1056.01 0.222 0.000 0.003 0.225   2.6   2 
1058.01 0.309 0.000 0.061 0.370  11.8   5 
1059.01 1.000 0.000       1.000  39.5   0 
1060.01 0.144 0.000       0.144   1.2   0 
1063.01 0.177 0.000       0.177   2.3   0 
1064.01 0.085 0.000 0.005 0.090   2.5   1 
1064.02 0.070 0.000 0.014 0.084   2.6   1 
1067.01 0.070 0.000 0.000 0.071   8.2   1 
1072.01 0.000 0.000       0.000  19.6   0 
1074.01 0.131 0.000 0.007 0.139   2.9   1 
1075.01 0.028 0.000       0.028   1.8   0 
1077.01 0.213 0.481 0.000 0.694  12.3   1 
1078.01 0.025 0.000       0.025   1.3   0 
1079.01 0.128 0.520 0.327 0.975  15.6   2 
1080.01 0.129 0.000 0.000 0.129   1.3   5 
1081.01 0.968 0.000 0.029 0.997   9.3   1 
1082.01 0.143 0.000 0.009 0.153   2.7   2 
1083.01 0.181 0.000 0.007 0.188   2.8   2 
1086.01 0.113 0.000       0.113  14.8   0 
1099.01 0.164 0.000 0.007 0.171   2.7   1 
1116.01 0.210 0.000 0.004 0.214   1.5   3 
1135.01 1.000 0.000       1.000   5.0   0 
1136.01 0.006 0.000       0.006   4.9   0 
1136.02 0.023 0.000       0.023   3.1   0 
1136.03 0.124 0.000       0.124   4.2   0 
1173.01 0.784 0.014       0.798   9.9   0 
1174.01 0.096 0.000       0.096   2.5   0 
1179.01 0.550 0.000       0.550   4.5   0 
 119.01 0.239 0.000 0.005 0.244   1.4   1 
 119.02 0.153 0.000 0.000 0.153   2.1   1 
1194.01 0.241 0.000 0.000 0.241   7.4   1 
1203.01 0.002 0.000 0.000 0.002   3.7   1 
1204.01 0.000 0.000 1.000 1.000   2.3  48 
1205.01 0.000 0.000 0.000 0.000  13.5   5 
1207.01 0.857 0.000 0.000 0.857   2.1   2 
1209.01 0.001 0.001 0.993 0.995   6.1  10 
1211.01 0.162 0.000 0.006 0.168   3.5   1 
1213.01 0.229 0.000 0.048 0.277   7.7   5 
1215.01 0.119 0.000 0.522 0.641   1.3   5 
1216.01 0.397 0.006 0.177 0.580  11.1   8 
1217.01 0.049 0.041 0.888 0.978  11.1   5 
1218.01 0.034 0.000 0.080 0.114   2.6  13 
1219.01 0.000 0.000 1.000 1.000   3.8  31 
 122.01 0.179 0.000 0.000 0.179   2.7   1 
1222.01 0.245 0.004 0.013 0.262   2.1   2 
1224.01 0.008 0.000       0.008   2.2   0 
1225.01 0.160 0.000 0.081 0.241   2.5   6 
1226.01 0.183 0.000 0.004 0.187   3.0   3 
1227.01 0.024 0.000 0.000 0.024   5.4   1 
1228.01 1.000 0.000 0.000 1.000  10.9   3 
1230.01 0.276 0.004       0.279   1.4   0 
1231.01 0.000 0.000 0.000 0.000   3.7   1 
1232.01 0.187 0.275 0.000 0.463  10.6   4 
1233.01 0.135 0.000 0.000 0.135   2.5   4 
1233.02 0.125 0.000 0.007 0.132   2.8   4 
1233.03 0.334 0.000 0.000 0.335   2.1   5 
1233.04 0.220 0.000 0.003 0.224   1.1   5 
1234.01 0.001 0.001 0.994 0.996   4.9   6 
1235.01 0.022 0.000       0.022   1.8   0 
1238.01 0.111 0.000 0.003 0.113   2.6   1 
1238.02 0.182 0.000 0.007 0.189   1.6   2 
1239.01 0.178 0.000       0.178   4.5   0 
1241.01 0.378 0.052 0.374 0.804  22.2   4 
1242.01 0.231 0.000 0.041 0.272   1.8   2 
1243.01 0.004 0.015 0.005 0.023  33.0   2 
1244.01 0.071 0.000 0.000 0.071   2.7   1 
1245.01 0.129 0.000       0.129   2.1   0 
1246.01 0.125 0.000 0.000 0.125   3.4   3 
1246.02 0.162 0.000 0.000 0.163   2.8   4 
1246.03 0.190 0.000 0.003 0.193   2.4   4 
1247.01 1.000 0.000 0.000 1.000   3.5   1 
1248.01 0.270 0.000       0.270   6.9   0 
1249.01 0.156 0.000       0.156   3.3   0 
 125.03 0.145 0.000       0.145   3.2   0 
1250.01 1.000 0.000 0.000 1.000  18.7   1 
1251.01 0.416 0.052       0.467   9.5   0 
1252.01 0.355 0.000       0.355   5.0   0 
1253.01 0.286 0.000 0.035 0.321   4.4   2 
1254.01 0.767 0.000 0.002 0.769   6.7   3 
1255.01 0.095 0.000       0.095   3.5   0 
1258.01 0.212 0.000 0.006 0.218   3.4   1 
1259.01 0.000 0.871       0.871  12.6   0 
1260.01 0.145 0.000 0.000 0.145   2.3   1 
1260.02 0.261 0.000 0.000 0.261   2.7   1 
1263.01 0.024 0.000 0.976 1.000   2.0  14 
1264.01 0.094 0.000 0.309 0.403   8.0   1 
1266.01 0.077 0.000 0.001 0.078   2.5   1 
1266.02 0.152 0.000 0.000 0.153   1.8   1 
1268.01 1.000 0.000       1.000   8.4   0 
1269.01 0.185 0.000 0.014 0.200   2.3   4 
1273.01 0.463 0.158       0.621  18.7   0 
1274.01 0.161 0.030       0.190   9.9   0 
1275.01 0.152 0.225 0.506 0.883  32.1   2 
1277.02 0.134 0.000       0.134   2.9   0 
1278.01 0.264 0.511 0.000 0.775  11.7   1 
1279.01 0.134 0.000       0.134   2.8   0 
 128.01 0.118 0.000 0.021 0.139   2.5   3 
1280.01 0.103 0.000 0.238 0.341   2.7   4 
1281.01 0.005 0.000       0.005   2.5   0 
1284.01 0.075 0.000 0.881 0.957   2.3   3 
1286.01 0.298 0.000 0.000 0.298   5.7   2 
1287.01 1.000 0.000 0.000 1.000   3.7   3 
 129.01 0.004 0.996 0.000 1.000  21.1   1 
 130.01 0.044 0.000 0.000 0.044   2.5   2 
1301.01 0.082 0.000 0.000 0.082   2.9   1 
 132.01 0.123 0.000 0.000 0.123   3.4   1 
 133.01 0.145 0.000 0.000 0.145   1.8   4 
1339.02 0.105 0.000 0.000 0.105   3.4   1 
1339.03 0.109 0.265 0.520 0.894  11.0   2 
 134.01 0.351 0.000 0.000 0.351   1.4   1 
1340.01 0.036 0.000 0.883 0.919   3.8   2 
 139.01 0.102 0.000       0.102   2.7   0 
 140.01 0.257 0.742       1.000  48.2   0 
1404.01 0.270 0.007 0.014 0.291   1.9   2 
1410.01 0.138 0.000 0.000 0.138   3.1   4 
1411.01 0.131 0.000 0.000 0.131   1.2   1 
1412.01 0.047 0.754 0.000 0.801  11.6   1 
1413.01 0.163 0.643 0.080 0.886  17.1   6 
1414.01 0.000 0.968 0.000 0.968  22.0   1 
1415.01 0.194 0.000       0.194   4.2   0 
1416.01 0.152 0.000 0.167 0.319   1.8   1 
1417.01 0.034 0.961       0.996  23.9   0 
1418.01 0.657 0.000 0.000 0.657   2.8   3 
 142.01 0.033 0.010 0.000 0.043  10.9   2 
1420.01 0.028 0.378       0.406  11.3   0 
1423.01 0.010 0.000 0.990 1.000   3.9   2 
1424.01 0.088 0.000 0.057 0.146   2.8   2 
1430.01 1.000 0.000       1.000   2.5   0 
1431.01 0.956 0.044       1.000  17.2   0 
1433.01 0.929 0.071       1.000  17.8   0 
1434.01 0.055 0.000       0.055   2.0   0 
1435.01 0.212 0.000 0.015 0.227   1.4   1 
1436.01 0.182 0.000 0.009 0.191   1.7   2 
1437.01 0.165 0.004 0.649 0.817   5.0   2 
1438.01 0.124 0.001 0.004 0.129   3.0   3 
1439.01 0.060 0.000 0.000 0.060   3.6   1 
1441.01 0.191 0.000 0.018 0.209   3.1   5 
1442.01 0.011 0.000 0.000 0.011   1.1   1 
1443.01 0.182 0.000       0.182   1.9   0 
1444.01 0.060 0.000 0.000 0.060   1.9   3 
1445.01 0.198 0.000 0.015 0.213   2.5   3 
1447.01 1.000 0.000 0.000 1.000   2.5   3 
1448.01 0.164 0.000 0.004 0.168   2.8   2 
1450.01 0.226 0.000 0.005 0.231   1.1   4 
1451.01 0.035 0.000       0.035   3.3   0 
1452.01 0.037 0.000 0.503 0.540   2.0   4 
1459.01 0.114 0.000 0.000 0.114   3.9   1 
1460.01 1.000 0.000       1.000  11.9   0 
1462.01 1.000 0.000 0.000 1.000   1.8   2 
1464.01 0.082 0.000 0.918 1.000   3.9   4 
1466.01 0.168 0.000 0.002 0.171   2.4   6 
1467.01 0.262 0.000 0.000 0.262   1.5   3 
1468.01 0.126 0.000 0.153 0.279   3.0   1 
1468.02 0.084 0.000 0.578 0.662   1.7   1 
1470.01 0.193 0.000 0.000 0.193   2.3  10 
1471.01 1.000 0.000       1.000   4.0   0 
1472.01 0.090 0.000 0.000 0.090   5.0   2 
1473.01 0.004 0.019 0.461 0.484  57.0   2 
1474.01 1.000 0.000 0.000 1.000   4.0   1 
1475.01 0.920 0.079 0.000 0.999  48.3   5 
 171.01 0.084 0.000 0.000 0.084   7.5   1 
 171.02 0.200 0.000 0.000 0.200   6.6   4 
 173.01 1.000 0.000 0.000 1.000   9.2   1 
 174.03 0.310 0.000 0.004 0.314   1.5   1 
 174.04 0.132 0.000 0.188 0.320   1.1   1 
 176.01 0.698 0.302       1.000  10.9   0 
 177.01 0.195 0.000 0.000 0.195   2.1   2 
 178.01 0.132 0.000       0.132   2.5   0 
 178.02 0.142 0.000       0.142   2.9   0 
 178.03 0.154 0.000       0.154   2.1   0 
 179.01 0.100 0.000       0.100   2.5   0 
 181.01 0.090 0.000 0.910 1.000   7.0   3 
 183.01 1.000 0.000 0.000 1.000  20.4   1 
 196.01 0.993 0.000 0.007 1.000  31.3   1 
 198.01 0.137 0.000       0.137   1.6   0 
 199.01 0.168 0.636       0.805  12.2   0 
 204.01 0.202 0.000 0.392 0.594   1.5   3 
 205.01 0.108 0.000 0.892 1.000   3.3   4 
 206.01 0.162 0.000 0.001 0.163   1.3   3 
 208.01 0.205 0.006 0.015 0.225   2.3   2 
 209.01 0.154 0.000 0.000 0.154   2.3   4 
 210.01 0.000 0.000 0.999 0.999   2.5   7 
 212.01 0.786 0.000 0.214 1.000   4.9   2 
 213.01 0.124 0.000 0.000 0.124   2.3   1 
 215.01 0.155 0.000 0.001 0.156   3.5   1 
 218.01 0.106 0.001 0.000 0.107  15.3   1 
 220.01 0.187 0.000       0.187   2.2   0 
 221.01 0.028 0.000 0.479 0.507   1.6   2 
 223.01 0.141 0.000       0.142   3.6   0 
 230.01 0.006 0.000 0.994 1.000   7.5   1 
 233.01 0.169 0.000       0.169   2.0   0 
 234.01 0.059 0.229       0.288  10.8   0 
 235.01 0.231 0.001       0.232   6.0   0 
 237.01 0.112 0.000       0.112   1.6   0 
 238.01 0.159 0.000       0.159   1.8   0 
 240.01 0.158 0.000 0.009 0.166   2.3   2 
 244.01 0.148 0.000       0.148   1.3   0 
 245.01 0.661 0.172 0.165 0.999  48.0   2 
 248.01 0.097 0.000 0.000 0.097   2.3   1 
 249.01 0.172 0.000       0.172   2.2   0 
 251.01 0.877 0.000 0.000 0.877   3.2   1 
 252.01 0.007 0.000 0.929 0.935   5.4   2 
 253.01 0.594 0.000 0.371 0.965   1.5   3 
 260.01 0.167 0.000       0.167   1.6   0 
 261.01 0.001 0.000       0.001   3.3   0 
 261.02 1.000 0.000       1.000   3.8   0 
 262.01 0.227 0.000       0.227   2.6   0 
 263.01 0.139 0.000       0.139   8.8   0 
 266.01 0.185 0.000       0.185   2.3   0 
 266.02 0.547 0.000       0.547   2.3   0 
 269.01 0.213 0.000 0.000 0.213   3.1   1 
 274.01 0.054 0.000 0.841 0.894   2.6   4 
 277.01 0.257 0.000       0.257   3.3   0 
 278.01 1.000 0.000       1.000   3.9   0 
 279.01 0.339 0.000       0.339   2.6   0 
 281.01 0.273 0.000 0.023 0.297   4.3   1 
 282.02 0.324 0.005 0.000 0.330   0.5   1 
 283.01 0.222 0.000 0.009 0.231   1.0   2 
 285.01 0.205 0.002       0.207   0.8   0 
 286.01 0.193 0.000 0.000 0.193   1.4   3 
 406.01 0.000 0.000 0.000 0.000   2.1   1 
 411.01 0.222 0.000       0.222   2.1   0 
 411.02 0.020 0.000       0.020   1.4   0 
 421.01 0.158 0.000 0.000 0.158   4.9   2 
 431.02 0.135 0.000       0.135   1.3   0 
 444.01 0.194 0.000 0.001 0.194   2.5   2 
 454.01 0.044 0.001 0.621 0.665   0.5   2 
 457.01 0.054 0.000 0.055 0.109  33.0   1 
 458.01 0.123 0.000 0.000 0.123   3.1   1 
 460.01 0.016 0.000       0.016  33.0   0 
 461.01 0.009 0.000       0.009   2.8   0 
 462.01 0.076 0.000 0.045 0.121   2.1   4 
 463.01 1.000 0.000 0.000 1.000   9.9   1 
 464.01 1.000 0.000       1.000  88.3   0 
 469.01 0.001 0.000 0.000 0.001   3.6   1 
 470.01 0.100 0.000 0.000 0.100   4.8   6 
 475.01 0.172 0.000 0.001 0.173   2.3   4 
 476.01 1.000 0.000       1.000  19.0   0 
 480.01 0.387 0.000 0.010 0.396   3.2   1 
 481.01 1.000 0.000 0.000 1.000   6.8   2 
 484.01 0.227 0.000 0.000 0.227   3.7   4 
 486.01 0.002 0.000 0.000 0.003   0.7   3 
 488.01 0.000 0.000       0.000   1.2   0 
 493.01 0.166 0.000 0.000 0.166   4.1   1 
 494.01 0.129 0.000 0.008 0.137   1.7   3 
 499.01 0.150 0.000 0.017 0.167   4.3   4 
 500.01 0.191 0.000 0.016 0.207   1.3   7 
 502.01 0.258 0.000       0.258   6.9   0 
 503.01 0.149 0.835       0.984  18.6   0 
 504.01 0.985 0.000 0.000 0.985  14.9   1 
 507.01 0.465 0.000 0.000 0.465  33.0   1 
 509.01 0.129 0.000 0.000 0.129   3.4   1 
 510.01 0.684 0.000 0.002 0.685   2.6   2 
 512.01 0.166 0.000       0.166   1.8   0 
 515.01 0.140 0.309 0.000 0.448  11.0   1 
 518.01 0.387 0.002       0.389   3.5   0 
 519.01 0.000 0.000 0.000 0.000  12.7   1 
 520.01 0.512 0.000 0.000 0.512   2.2   6 
 522.01 1.000 0.000 0.000 1.000   2.3   4 
 524.01 0.601 0.217 0.000 0.818  10.9   1 
 525.01 0.098 0.000 0.000 0.098   3.2   1 
 526.01 0.002 0.000 0.998 1.000   4.3   3 
 527.01 1.000 0.000       1.000  68.3   0 
 530.01 0.003 0.000 0.079 0.082   5.1   1 
 532.01 0.136 0.000 0.000 0.136   6.2   5 
 533.01 0.174 0.000 0.000 0.174   3.9   2 
 538.01 0.002 0.000 0.998 1.000   6.9   2 
 539.01 0.184 0.000 0.002 0.186   1.5   5 
 540.01 0.110 0.000 0.000 0.110   1.0   2 
 541.01 0.144 0.036 0.334 0.515  10.4   1 
 542.01 0.184 0.063 0.270 0.517   9.1   3 
 544.01 0.162 0.000 0.000 0.162   2.3   2 
 552.01 0.000 0.000       0.000   9.6   0 
 553.02 0.208 0.000 0.007 0.216   1.8   1 
 553.03 0.198 0.000 0.003 0.201   2.2   1 
 554.01 1.000 0.000 0.000 1.000   5.4   1 
 555.01 0.085 0.312 0.000 0.397  12.2   1 
 557.01 0.164 0.000 0.000 0.164   2.5   1 
 560.01 0.031 0.000 0.000 0.031   2.4   1 
 561.01 0.076 0.000       0.076   3.2   0 
 561.02 0.190 0.000       0.190   1.4   0 
 561.03 0.248 0.000       0.248   1.9   0 
 564.01 0.232 0.114 0.000 0.346  33.0   2 
 569.01 0.728 0.000 0.000 0.728   9.5   4 
 570.01 0.336 0.034 0.000 0.370   6.6   5 
 573.01 0.004 0.996 0.000 1.000  14.4   1 
 575.01 0.593 0.293       0.886  11.6   0 
 620.01 0.026 0.000       0.026   3.4   0 
 622.01 0.215 0.124 0.000 0.339   9.2   2 
 652.01 0.252 0.000 0.000 0.252   1.6   1 
 654.01 0.003 0.000 0.002 0.004   2.3   1 
 658.01 0.353 0.001 0.473 0.828   7.9   2 
 659.01 0.247 0.190 0.296 0.733  11.4   3 
 663.01 0.096 0.000 0.005 0.100   2.2   1 
 663.02 0.115 0.000 0.001 0.116   2.2   1 
 666.01 0.067 0.932 0.000 1.000  47.6   2 
 669.01 0.165 0.000 0.000 0.165   2.9   1 
 672.01 0.000 0.000 0.000 0.000   5.4   1 
 674.01 0.486 0.000       0.486   4.4   0 
 676.01 0.122 0.353 0.412 0.887  12.5   1 
 678.01 0.009 0.000 0.154 0.164   4.8   7 
 680.01 0.001 0.000       0.001   9.4   0 
 682.01 0.993 0.000       0.993   3.6   0 
 694.01 0.250 0.002 0.000 0.252   0.5   1 
 696.01 0.027 0.000 0.001 0.028   0.8   1 
 696.02 0.135 0.000 0.000 0.135   1.3   1 
 698.01 0.330 0.000       0.330   2.7   0 
 699.01 0.995 0.004 0.000 0.999  26.6   4 
 699.02 0.411 0.003 0.581 0.995  12.7   4 
 700.01 0.179 0.000 0.000 0.179   2.8   1 
 700.02 0.334 0.000 0.633 0.967   1.6   5 
 700.03 0.097 0.000 0.035 0.132   1.2   5 
 702.01 0.489 0.006 0.001 0.496  13.2   1 
 703.01 0.269 0.000 0.006 0.274   2.5   1 
 703.02 0.380 0.000 0.001 0.381   2.7   1 
 704.01 0.182 0.000 0.003 0.185   1.2   2 
 705.01 0.014 0.021 0.036 0.070   4.5   5 
 709.01 1.000 0.000       1.000 147.7   0 
 711.01 0.375 0.000 0.000 0.376   2.0   1 
 712.01 0.006 0.007 0.972 0.984   8.2   1 
 713.01 1.000 0.000 0.000 1.000   3.3   3 
 713.02 0.188 0.000 0.007 0.195   1.3   6 
 714.02 0.183 0.001 0.001 0.186   1.4   1 
 715.01 0.041 0.000 0.005 0.046   1.8   1 
 721.01 0.565 0.061 0.213 0.840  12.4   3 
 723.01 0.056 0.000 0.100 0.157   0.9   5 
 730.01 0.204 0.291       0.495  12.4   0 
 731.01 0.002 0.000 0.000 0.002   0.7  10 
 732.01 0.003 0.000 0.000 0.003   1.1   1 
 732.02 0.150 0.000 0.000 0.150   1.8   1 
 733.01 0.138 0.000 0.000 0.138   1.9   6 
 736.01 0.000 0.000       0.000   2.3   0 
 736.02 0.006 0.000       0.006   1.2   0 
 737.01 0.000 0.163       0.163  12.1   0 
 738.01 0.266 0.002       0.268   8.7   0 
 739.01 0.561 0.435 0.000 0.996  58.0   1 
 741.01 0.176 0.000 0.000 0.176   1.2   8 
 742.01 0.004 0.000 0.995 0.999   3.4  24 
 743.01 0.182 0.045 0.006 0.233   9.0   2 
 745.01 0.002 0.000 0.998 1.000   2.5  15 
 749.01 0.611 0.000 0.000 0.611  27.3   1 
 753.01 0.903 0.041       0.944  11.8   0 
 754.01 0.203 0.597 0.001 0.801  13.6   3 
 755.01 0.122 0.000 0.007 0.129   1.8   8 
 756.01 0.130 0.000 0.225 0.355   3.1   3 
 757.01 0.534 0.000 0.000 0.534   2.8   1 
 761.01 0.006 0.000 0.018 0.024   2.8   4 
 762.01 0.189 0.000 0.000 0.189   8.9   1 
 763.01 0.142 0.000 0.012 0.154   1.8   2 
 763.02 0.003 0.000 0.997 1.000   3.3   2 
 765.01 0.222 0.000 0.000 0.222   2.4   1 
 771.01 0.027 0.000 0.001 0.028   1.4   6 
 772.01 0.025 0.000       0.025   6.8   0 
 775.01 1.000 0.000 0.000 1.000  15.0   6 
 776.01 0.117 0.000 0.000 0.117   2.2   2 
 776.02 0.001 0.000 0.000 0.001   1.6   2 
 777.01 0.352 0.000 0.000 0.352   6.9   1 
 778.01 1.000 0.000       1.000  17.9   0 
 782.01 0.233 0.000       0.233   2.8   0 
 783.01 0.092 0.000 0.000 0.092   2.6  11 
 784.01 0.129 0.000 0.000 0.129   1.6  11 
 785.01 0.020 0.053 0.895 0.968  11.1  13 
 786.01 0.128 0.000 0.010 0.138   3.1   2 
 787.01 0.575 0.000 0.014 0.590   1.7   4 
 788.01 0.468 0.000 0.018 0.486   2.4   4 
 789.01 0.590 0.058 0.327 0.975  11.0   2 
 795.01 0.197 0.004 0.058 0.259   3.1   7 
 797.01 0.044 0.000 0.010 0.055   1.4   5 
 797.02 0.204 0.000 0.004 0.209   1.6   5 
 799.01 0.203 0.000 0.012 0.216   1.7   1 
 802.01 0.136 0.000 0.009 0.145   0.6   8 
 805.01 0.229 0.000 0.019 0.249   1.5   1 
 806.01 0.142 0.000 0.001 0.143   2.7   3 
 808.01 0.017 0.000 0.001 0.017   2.7   4 
 810.01 0.034 0.004 0.959 0.998  11.0   1 
 823.01 0.021 0.000 0.946 0.967   7.4   3 
 824.01 0.107 0.000 0.000 0.107   3.0  11 
 827.01 0.736 0.045       0.781  11.5   0 
 829.01 0.164 0.000 0.000 0.164   3.6   5 
 830.01 1.000 0.000 0.000 1.000  71.8   2 
 832.01 0.492 0.008 0.132 0.631  33.0   1 
 833.01 0.161 0.000 0.001 0.162   1.3  10 
 835.01 0.152 0.071 0.003 0.227   5.2   3 
 836.01 0.094 0.000       0.094   2.4   0 
 836.02 0.136 0.000       0.136   2.0   0 
 837.01 0.435 0.422 0.001 0.858  11.4   2 
 838.01 0.463 0.533 0.000 0.996  13.7   1 
 840.01 0.220 0.000 0.024 0.243   7.7   3 
 841.01 0.289 0.181       0.470  13.2   0 
 842.01 0.313 0.187       0.500  12.2   0 
 863.01 0.344 0.000 0.069 0.413   1.0   4 
 864.01 1.000 0.000       1.000   1.4   0 
 865.01 0.875 0.090       0.965  74.6   0 
 867.01 0.181 0.004 0.075 0.260   2.2   5 
 868.01 0.485 0.004 0.009 0.497   8.8   5 
 869.01 0.196 0.000 0.005 0.201   2.7   1 
 870.01 0.220 0.000       0.220   2.2   0 
 871.01 0.950 0.032       0.981  11.0   0 
 872.01 0.128 0.000 0.006 0.133   3.0   4 
 873.01 0.188 0.002 0.015 0.204   0.8   2 
 874.01 0.007 0.000 0.000 0.007   2.7   1 
 875.01 0.021 0.000       0.021   2.4   0 
 876.01 0.150 0.000 0.001 0.151   2.6   1 
 899.01 0.252 0.143 0.323 0.718  13.3   1 
 900.01 0.076 0.000 0.216 0.292   1.6   5 
 901.01 0.630 0.219 0.000 0.849  13.7   2 
 902.01 0.956 0.044 0.000 1.000  54.8   8 
 903.01 0.335 0.354       0.689  14.9   0 
 904.01 0.216 0.000 0.000 0.216   2.1   1 
 905.01 0.237 0.762       1.000  14.1   0 
 906.01 0.006 0.000 0.994 1.000   5.1   3 
 907.01 0.003 0.000 0.000 0.003   9.5   1 
 908.01 0.189 0.000 0.004 0.194   2.8   2 
 910.01 0.126 0.000 0.000 0.126   1.1   3 
 911.01 1.000 0.000 0.000 1.000  53.3   2 
 912.01 0.016 0.000 0.000 0.016   1.9   3 
 913.01 0.020 0.000 0.000 0.020   2.7   1 
 934.01 0.162 0.410 0.000 0.571  11.6   1 
 935.01 1.000 0.000       1.000  10.3   0 
