Title: Vetting of 384 TESS Objects of Interest with TRICERATOPS and Statistical Validation of 12 Planet Candidates
Authors: Giacalone S. et al.
Table: TRICERATOPS Predictions for Unclassified TOIs
================================================================================
Byte-by-byte Description of file: datafile.txt
--------------------------------------------------------------------------------
   Bytes Format Units Label           Explanations
--------------------------------------------------------------------------------
   1- 10 I10    ---     TICID           TESS Input Catalog Identification Number
  12- 18 F7.2   ---     TOI             TESS Object of Interest Number
  20- 23 F4.2   ---     Rp              Planet Radius (Earth Radii)
  25- 29 F5.2   ---     Porb            Planet Orbital Period (Days)
  31- 34 F4.1   ---     SNR             Signal-to-noise Ratio
  36- 40 A5     ---     FPP             False Positive Probability
  42- 49 A8     ---     NFPP            Nearby False Positive Probability
  51- 53 I3     ---     NumNFP          Number of Nearby False Positive Candidates
  55- 67 A13    ---     Classification  TRICERATOPS Classification
--------------------------------------------------------------------------------
 278683844  119.01 2.13  5.54  8.3 0.04  9.25e-05   2 Likely Planet 
 278683844  119.02 1.93 10.69  7.0 0.06  1.88e-04   2 Likely Planet 
 231702397  122.01 2.51  5.08  6.6 0.06  2.79e-05   1 Likely Planet 
  52368076  125.03 3.38 19.98  4.0 0.04  0.00e+00   0 Likely Planet 
 263003176  130.01 2.32 14.34  4.3 0.04  4.02e-03   2               
  89020549  132.01 3.02  2.11 12.4 0.03  8.12e-05   1 Likely Planet 
 219338557  133.01 2.37  8.20 10.5 0.05  0.00e+00   1 Likely Planet 
 234994474  134.01 1.49  1.40 17.3 0.11  7.62e-03   4               
  62483237  139.01 2.93 11.06 13.0 0.03  0.00e+00   0 Likely Planet 
 425997655  174.03 1.57 12.16  1.6 0.05  5.16e-04   1 Likely Planet 
 425997655  174.04 1.12  3.98  1.8 0.30  4.19e-03   1               
 262530407  177.01 2.24  2.85 21.9 0.08  5.91e-04   2 Likely Planet 
 251848941  178.01 2.87  6.56 12.1 0.04  4.11e-03   1               
 251848941  178.02 3.14 10.35 12.1 0.07  1.76e-03   1               
 251848941  178.03 2.43  9.96  9.9 0.07  9.49e-03   1               
 207141131  179.01 2.98  4.14 21.1 0.02  0.00e+00   0 Likely Planet 
  76923707  181.01 6.58  4.53 38.7 0.24  1.63e-04   4 Likely Planet 
 183985250  193.01 7.23  0.79 35.6 0.99  1.75e-03   2               
  12421862  198.01 1.64 20.43 11.6 0.13  1.48e-05   1 Likely Planet 
 350618622  201.02 1.74  5.85  1.9 0.45  0.00e+00   0 Likely Planet 
 281781375  204.01 2.52 43.83  1.1 0.27  1.66e-01   3 Likely NFP    
 281575427  205.01 3.03  4.25  8.8 0.09  1.42e-03   3               
  55650590  206.01 5.22  0.74  6.2 0.73  1.60e-01   4 Likely NFP    
 314865962  208.01 2.97 22.45  4.0 0.02  2.45e-03   3               
  52204645  209.01 3.02  4.38  7.1 0.07  2.73e-03   4               
 141608198  210.01 7.61  9.01  7.2 0.92  1.32e-01   5 Likely NFP    
 206609630  212.01 5.49  0.34 54.2 1.00  5.02e-01   2 Likely NFP    
 234345288  213.01 2.84 23.52 10.9 0.20  4.24e-04   3 Likely Planet 
 167415965  214.02 0.94  9.70  2.1 0.34  7.41e-02  45               
 231912935  215.01 3.63 26.30  7.9 0.23  3.18e-05   2 Likely Planet 
 150098860  220.01 3.53 10.70  9.2 0.10  2.81e-02   6               
 316937670  221.01 1.86  0.62  8.1 0.69  1.95e-01   2 Likely NFP    
 326453034  223.01 4.02 14.45  3.1 0.36  0.00e+00   1 Likely Planet 
 160074939  230.01 7.19 13.34 12.9 0.12  1.86e-02   1               
 415969908  233.01 2.60 11.67 11.3 0.06  0.00e+00   0 Likely Planet 
 305048087  237.01 1.57  5.43  3.3 0.08  0.00e+00   0 Likely Planet 
   9006668  238.01 1.61  1.27  7.2 0.35  5.77e-02   2               
 101948569  240.01 3.26 19.47 11.5 0.03  9.71e-03   3               
 118327550  244.01 3.60  7.40 11.4 0.50  0.00e+00   0 Likely Planet 
 201793781  248.01 2.85  5.99 11.5 0.02  2.44e-03   2               
 179985715  249.01 2.64  6.61  9.0 0.06  1.30e-02   3               
 224225541  251.01 2.96  4.94  8.1 0.02  6.57e-05   1 Likely Planet 
 237924601  252.01 5.00  1.00 11.9 0.93  8.02e-02   3               
 322063810  253.01 1.21  3.52 11.9 0.22  2.23e-02   2               
  37749396  260.01 1.81 13.47  3.7 0.20  0.00e+00   0 Likely Planet 
  63898957  261.01 2.95  3.36  5.8 <0.01 0.00e+00   0 Validated     
  63898957  261.02 2.52 13.04  1.3 <0.01 0.00e+00   0 Validated     
  70513361  262.01 2.75 11.15 12.9 0.06  0.00e+00   0 Likely Planet 
 120916706  263.01 4.58  0.56 20.7 0.97  4.88e-01   1 Likely NFP    
 164767175  266.01 2.72 10.77  8.9 0.03  0.00e+00   0 Likely Planet 
 164767175  266.02 1.97  6.19  8.3 0.05  0.00e+00   0 Likely Planet 
 259511357  271.01 4.35  2.48 12.1 0.73  2.54e-01   1 Likely NFP    
 281979481  274.01 2.21  0.54 12.1 0.67  1.41e-01   6 Likely NFP    
 439456714  277.01 4.23  3.99 18.6 0.14  8.09e-02   1               
 244161191  278.01 2.17  0.30 21.2 1.00  0.00e+00   0               
 122613513  279.01 3.08 11.49 10.9 0.05  0.00e+00   0 Likely Planet 
  42054565  280.01 2.87 10.18 10.0 0.06  1.39e-03   1               
  38696105  281.01 4.09  5.57 12.7 0.19  5.49e-03   2               
  29781292  282.02 3.03 31.32  3.6 0.23  7.36e-04   2 Likely Planet 
 382626661  283.01 2.08 17.62  5.8 0.05  1.76e-03   1               
 220459976  285.01 2.65 32.33  3.0 0.06  1.87e-03   1               
 150030205  286.01 1.51  4.51  5.9 0.22  8.38e-03   4               
 150030205  286.02 2.03 39.36  6.2 0.06  2.98e-03   1               
 153065527  406.01 1.48 13.17 10.2 0.02  2.66e-04   1 Likely Planet 
 100990000  411.01 2.19  9.57  8.3 0.05  0.00e+00   0 Likely Planet 
 100990000  411.02 1.36  4.04  4.6 0.23  0.00e+00   0 Likely Planet 
  94986319  421.01 6.99 16.07 23.2 0.10  2.77e-04   2 Likely Planet 
  31374837  431.02 1.55  0.49 16.1 0.14  1.60e-03   1               
  44647437  435.01 6.48  3.35 12.0 0.79  5.91e-04   1               
 179034327  444.01 2.95 17.96  9.0 0.01  1.06e-03   2               
 153077621  454.01 2.83 18.08 23.8 0.97  9.61e-01   2 Likely NFP    
  89256802  457.01 2.34  1.18 24.7 0.72  1.80e-01   1 Likely NFP    
  64071894  458.01 3.05 17.53  5.1 0.03  1.34e-03   1               
   9804616  460.01 4.78  0.52 44.5 0.92  0.00e+00   0               
   4646810  461.01 2.71 14.49  5.3 0.10  0.00e+00   0 Likely Planet 
 420049884  462.01 2.51  4.11  6.2 0.14  4.51e-02   4               
 398733009  464.01 4.40  0.82 15.4 0.99  5.85e-01   1 Likely NFP    
  33692729  469.01 3.29 13.63 12.7 0.01  8.32e-12   2 Validated     
  37770169  470.01 4.50 12.19 12.5 0.11  1.89e-03   4               
 100608026  475.01 2.62  8.26 12.5 0.03  7.83e-04   5 Likely Planet 
 317548889  480.01 3.02  6.87 18.7 0.04  1.36e-05   1 Likely Planet 
 427348923  484.01 3.45  4.73 12.0 0.83  8.05e-01   5 Likely NFP    
 260708537  486.01 0.60  1.74  4.6 0.62  3.50e-02   6               
  31852980  487.01 2.44 24.33  3.5 0.14  5.73e-03   2               
 452866790  488.01 1.20  1.20  9.3 0.24  2.18e-02   2               
  19025965  493.01 3.95  5.95 16.3 0.10  6.15e-02   1               
  19519368  494.01 2.46  1.70  8.5 0.28  3.35e-02   8               
 123702439  499.01 4.12  8.52 21.0 0.13  4.19e-02   4               
 134200185  500.01 1.32  0.55 12.6 0.74  3.47e-02  10               
 453211454  509.01 3.18 18.12 13.1 0.02  0.00e+00   1 Likely Planet 
 238086647  510.01 3.57  1.35  1.2 0.64  3.69e-02   4               
 119292328  512.01 1.84  7.19 10.3 0.07  4.55e-04   3 Likely Planet 
 264979636  518.01 4.51 17.88  2.3 0.67  9.21e-05   1               
 148479278  520.01 2.05  0.52  6.3 0.58  2.79e-02  10               
  27649847  521.01 1.33  1.54 12.8 0.34  0.00e+00   0 Likely Planet 
  19451711  522.01 2.55  0.40 12.5 0.77  8.85e-03   7               
  71512186  525.01 3.76 14.82  6.8 0.02  8.36e-05   1 Likely Planet 
 200593988  526.01 4.38  7.70 23.4 0.99  2.92e-02   5               
 144700903  532.01 5.87  2.33 18.7 0.58  8.05e-02   7               
 309791156  533.01 6.05 19.57 15.8 0.45  2.30e-05   3 Likely Planet 
 237751146  538.01 5.68  1.67 24.0 1.00  9.67e-01   3 Likely NFP    
 238004786  539.01 1.72  0.31 11.7 0.64  7.58e-02  10               
  50618703  544.01 1.94  1.55 19.4 0.11  5.77e-03   4               
 161477033  553.02 2.51 11.93  9.7 0.04  2.01e-03   1               
 161477033  553.03 2.79 40.90  6.3 0.04  2.25e-03   1               
 407966340  554.01 3.35  7.05  9.1 0.14  4.80e-04   1 Likely Planet 
  55488511  557.01 2.56  3.35  1.4 0.20  3.47e-03   1               
 101011575  560.01 2.95  6.40 16.0 0.02  0.00e+00   1 Likely Planet 
 377064495  561.01 2.86 10.78 10.0 0.02  0.00e+00   0 Likely Planet 
 377064495  561.02 1.43  0.45  8.7 0.58  0.00e+00   0               
 377064495  561.03 2.08 16.37  4.1 0.05  0.00e+00   0 Likely Planet 
  37575651  568.01 3.86  9.60  9.7 0.07  1.37e-17   1 Likely Planet 
 126733133  570.01 6.38  1.47 24.2 0.94  7.87e-04   7               
 296739893  620.01 2.86  5.10 17.7 0.07  0.00e+00   1 Likely Planet 
 133334108  637.01 1.87  2.85 11.6 0.26  1.13e-01  10 Likely NFP    
  22221375  652.01 2.20  3.98 12.0 0.07  7.49e-06   1 Likely Planet 
  35009898  654.01 2.01  1.53 23.5 0.35  1.89e-01   1 Likely NFP    
 124573851  669.01 3.63  3.95 13.3 0.03  3.97e-03   3               
 151825527  672.01 5.20  3.63 26.8 0.08  5.68e-07   2 Likely Planet 
 158588995  674.01 4.60  1.98 43.1 0.03  0.00e+00   1 Likely Planet 
 294395926  678.01 4.18 11.32 18.4 0.12  5.79e-02   6               
 429304876  682.01 4.39  6.84 17.3 <0.01 0.00e+00   0 Validated     
  77156829  696.01 0.95  0.86  8.1 0.60  6.17e-02   4               
  77156829  696.02 1.33 14.78  6.6 0.26  2.42e-04   4 Likely Planet 
  77253676  697.01 2.29  8.61  9.8 0.04  0.00e+00   0 Likely Planet 
 141527579  698.01 2.02 15.09  7.7 0.11  6.14e-04   2 Likely Planet 
 149302744  699.01 3.26 14.80  3.1 0.23  3.65e-02  31               
 149302744  699.02 3.36 33.62  2.9 0.17  3.09e-02  35               
 150428135  700.02 3.03 37.42 -0.3 0.16  7.21e-03   6               
 150428135  700.03 2.75  9.98  4.2 0.08  4.03e-03   6               
 237914496  702.01 2.25  3.57  8.8 0.25  7.56e-04   1 Likely Planet 
 237928815  703.01 2.37  8.67  7.1 0.06  2.24e-03   1               
 237928815  703.02 2.64 45.12  1.3 0.07  2.91e-03   1               
 260004324  704.01 1.12  3.81  1.9 0.48  2.38e-01  17 Likely NFP    
 391904697  705.01 2.74 47.02  1.8 0.16  2.51e-02   4               
 396720998  709.01 3.99 32.38 25.9 1.00  0.00e+00   0               
  38510224  711.01 2.32 18.38  6.7 0.30  5.44e-03   2               
 150151262  712.01 2.92  9.53 10.3 0.13  1.28e-02   3               
 167600516  713.01 2.23 36.00  6.4 0.07  7.54e-03   3               
 167600516  713.02 1.39  1.87  3.9 0.50  2.91e-02   7               
 219195044  714.01 3.46  4.32  8.4 0.19  8.73e-03   3               
 219195044  714.02 3.56 10.18  5.7 0.16  5.15e-03   3               
  38571020  721.01 2.72 12.29  1.9 0.17  1.27e-02   5               
  38509907  722.01 3.36 15.30  4.5 0.20  4.97e-02   5               
 177077336  723.01 1.30  1.42  4.0 0.59  3.96e-02   5               
  34068865  731.01 0.72  0.32 10.3 0.72  1.26e-01  10 Likely NFP    
  36724087  732.01 0.94  0.77 16.1 0.57  2.54e-01   5 Likely NFP    
  36724087  732.02 1.73 12.25 17.4 0.20  3.97e-02   4               
 106402532  733.01 2.01  4.89  8.3 0.09  7.67e-03   7               
 181804752  736.01 2.05  4.99 27.2 <0.01 1.08e-10   1 Validated     
 181804752  736.02 0.97  0.95 13.3 0.71  1.47e-01   3 Likely NFP    
 219189765  737.01 6.78  1.73 20.9 1.00  0.00e+00   0               
 310009611  740.01 3.59  2.13 13.3 0.78  7.24e-01 111 Likely NFP    
 359271092  741.01 0.87  7.58  6.4 0.13  1.32e-02  14               
 444842193  745.01 2.47  1.08  9.1 0.53  1.89e-01  31 Likely NFP    
  73228647  755.01 1.97  2.54 11.0 0.20  4.47e-02   9               
  73649615  756.01 2.78  1.24 14.2 0.56  3.59e-01   9 Likely NFP    
 130924120  757.01 3.67 17.47 11.5 0.03  5.25e-05   1 Likely Planet 
 165317334  761.01 3.10 10.56 13.2 0.05  2.78e-02   4               
 178709444  762.01 7.51  3.47 31.6 0.94  0.00e+00   0               
 178819686  763.01 3.29  5.60  5.8 0.06  1.84e-02   4               
 178819686  763.02 3.40 12.28  5.7 0.04  9.95e-03   4               
 219401954  765.01 2.54  0.86  7.5 0.14  1.92e-03   1               
 277634430  771.01 7.26  2.33  9.0 0.95  3.07e-01   6 Likely NFP    
 286864983  772.01 6.76 11.02 23.9 0.23  1.84e-34   1 Likely Planet 
 306996324  776.01 2.28 15.66 11.6 0.04  1.31e-04   3 Likely Planet 
 306996324  776.02 1.68  8.24  6.6 0.05  3.38e-03   3               
 334305570  777.01 7.32 16.60 18.3 0.11  0.00e+00   1 Likely Planet 
 374095457  779.01 3.38  0.78 24.8 0.07  1.08e-02   7               
 429358906  782.01 2.04 16.05  9.4 0.12  0.00e+00   0 Likely Planet 
 451645081  783.01 3.09 16.23  8.0 0.29  1.63e-05  15 Likely Planet 
 460984940  784.01 2.14  2.80 13.4 0.22  5.37e-02  18               
 374829238  785.01 4.13 18.64 12.1 0.31  2.08e-02  21               
 375059587  786.01 2.45 12.67  3.9 0.15  2.11e-03   4               
 350584963  787.01 1.62  2.13  2.9 0.69  2.63e-03   5               
 349829627  788.01 4.46  6.49  4.1 0.08  5.32e-04   5 Likely Planet 
 300710077  789.01 1.10  5.45  6.7 0.44  9.17e-02   6               
 278895705  795.01 3.49  8.76  3.5 0.20  5.92e-03   8               
 277099925  796.01 4.03  0.81 11.5 0.81  4.29e-01  36 Likely NFP    
 271596225  797.01 1.32  1.80  6.1 0.62  7.40e-02   7               
 271596225  797.02 1.49  4.14  3.3 0.51  5.13e-02   6               
 255685030  799.01 2.11  5.54  6.6 0.20  8.72e-03   3               
 179308757  800.01 5.89  0.97  7.0 0.85  6.75e-01  35 Likely NFP    
 177258735  801.01 1.34  0.78  3.0 0.61  6.36e-03   8               
 167303382  802.01 0.98  3.69  3.2 0.24  1.43e-02   9               
  41227743  804.01 1.77  1.42  4.4 0.49  1.97e-02  25               
  38460940  805.01 6.44  4.12  7.1 0.59  9.24e-03   2               
  33831980  806.01 4.14 21.92  8.9 0.14  1.02e-03   2               
  30853470  807.01 1.81  5.27  3.2 0.38  1.75e-03   2               
  30122649  808.01 2.69  9.74 12.3 0.02  3.81e-03   6               
 388106759  810.01 2.66 28.30  1.9 0.17  1.14e-02   6               
 125405602  821.01 3.18 13.82 11.4 0.14  0.00e+00   0 Likely Planet 
 158978373  823.01 7.19 13.54  9.7 0.31  1.98e-02   2               
 276128561  829.01 4.86  3.29 16.4 0.28  8.35e-02   9               
 350332997  832.01 6.02  1.92 18.5 0.72  1.19e-01   2 Likely NFP    
 405700729  835.01 3.59  4.79 18.8 0.57  1.55e-02   8               
 440887364  836.01 2.73  8.59 14.1 0.01  0.00e+00   0 Validated     
 440887364  836.02 1.84  3.82  5.8 0.07  8.50e-04   1 Likely Planet 
 238898571  863.01 1.27  0.53  2.2 0.74  5.61e-02   7               
 231728511  864.01 3.04  0.52  5.7 0.81  7.85e-04   1               
 358460246  867.01 2.49 15.40  2.5 0.16  2.83e-02   7               
 200807066  869.01 2.62 26.48  5.9 0.08  2.39e-03   3               
 219229644  870.01 2.30 22.04  2.8 0.09  0.00e+00   0 Likely Planet 
 219344917  871.01 2.27 28.69  5.3 0.10  3.87e-03   2               
 220459826  872.01 2.65  2.24  8.3 0.29  5.15e-02   4               
 237920046  873.01 1.73  5.93  3.6 0.32  2.22e-02   4               
 232025086  874.01 2.45  5.90  1.3 0.12  2.60e-02   3               
  14165625  875.01 2.47 11.02 11.5 0.04  1.07e-03   2               
  32497972  876.01 3.09 38.70  0.1 0.04  0.00e+00   0 Likely Planet 
 210873792  900.01 2.50  4.84  6.1 0.26  5.28e-02  10               
 261257684  904.01 2.72 18.35  9.6 0.03  2.22e-06   1 Likely Planet 
 350153977  908.01 3.27  3.18 13.1 0.20  2.77e-02   3               
 369327947  910.01 1.01  2.03  5.7 0.28  5.66e-04   4 Likely Planet 
 406941612  912.01 1.90  4.68 15.0 0.07  4.05e-05   4 Likely Planet 
 407126408  913.01 2.57 11.09  6.9 0.02  4.77e-07   3 Likely Planet 
 259863352 1051.01 3.30 21.70  2.0 0.09  4.21e-04   1 Likely Planet 
 317060587 1052.01 3.30  9.14  3.4 0.10  3.82e-03   4               
 366989877 1054.01 3.28 15.51 11.1 0.01  6.64e-09   1 Validated     
 320004517 1055.01 4.05 17.47 12.2 0.02  0.00e+00   0 Likely Planet 
 421894914 1056.01 2.85  5.31  1.9 0.16  1.06e-03   2               
  31553893 1058.01 3.36 11.11  4.8 0.02  1.53e-02   5               
 299799658 1062.01 2.38  4.11  8.9 0.14  1.29e-03   1               
 406976746 1063.01 2.35 10.07 10.5 0.03  0.00e+00   0 Likely Planet 
  79748331 1064.01 2.80  6.44  4.7 0.05  1.45e-02   3               
  79748331 1064.02 2.95 12.23 13.9 0.04  1.29e-02   3               
 327301957 1074.01 2.98 13.93 13.7 0.03  6.16e-03   2               
 351601843 1075.01 2.00  0.60 11.4 0.41  5.32e-02   3               
 370133522 1078.01 1.26  0.52 17.0 0.41  1.55e-01   2 Likely NFP    
 161032923 1080.01 2.26  3.97  8.3 0.17  1.11e-02  11               
 261108236 1082.01 3.62 16.35  7.1 0.06  2.19e-02   4               
 322270620 1083.01 2.48 12.96  8.4 0.10  3.22e-03   3               
 383390264 1098.01 3.38 10.18  4.0 0.06  2.99e-06   3 Likely Planet 
 290348383 1099.01 3.49  6.44 13.3 0.07  2.48e-02   1               
 409934330 1114.01 6.06  2.49 37.4 0.32  0.00e+00   0 Likely Planet 
 304100538 1116.01 2.34  5.01  4.5 0.16  1.64e-02   4               
  29960110 1201.01 3.05  2.49  5.3 0.29  2.82e-01   1 Likely NFP    
  23434737 1203.01 3.76 25.49 11.0 0.01  0.00e+00   0 Validated     
 467666275 1204.01 1.97  1.38  4.0 0.38  3.57e-02  55               
 287776397 1205.01 4.01  2.39  2.7 0.15  1.64e-02  11               
 364393429 1207.01 1.39  2.63  2.1 0.51  1.16e-01  37 Likely NFP    
 273985865 1208.01 1.92  3.42  5.1 0.35  1.32e-01   3 Likely NFP    
  30037565 1209.01 4.19 40.72  1.8 0.19  8.24e-03  20               
  50312495 1211.01 3.74 14.71  6.4 0.06  6.88e-03   1               
 451606970 1214.01 5.51 38.36  6.8 0.67  6.28e-01  34 Likely NFP    
 453260209 1215.01 1.20  1.21  4.4 0.71  3.88e-01   6 Likely NFP    
 141527965 1216.01 1.75  4.55  3.5 0.30  4.21e-03  10               
 248092710 1217.01 4.59 41.46  6.0 0.17  1.08e-01   4 Likely NFP    
 294781547 1218.01 2.27 13.77  4.3 0.22  5.09e-03  11               
 294981566 1219.01 2.36  1.91  7.6 0.34  2.44e-02  48               
 374997123 1222.01 2.32 10.19  1.4 0.23  1.27e-03   4               
 382437043 1223.01 4.08 14.64  1.3 0.20  2.64e-02   9               
 299798795 1224.01 1.95  4.18  4.6 0.08  0.00e+00   0 Likely Planet 
 150428703 1225.01 2.33 13.90  4.0 0.20  5.32e-02   8               
 177115354 1226.01 2.48  3.93  6.5 0.34  3.54e-02   8               
 300038935 1228.01 4.43 29.05  5.5 0.05  2.00e-04   4 Likely Planet 
 287156968 1230.01 3.23 25.06 11.4 0.01  0.00e+00   0 Validated     
 447061717 1231.01 3.37 24.25 17.3 0.03  2.46e-32   3 Likely Planet 
 260647166 1233.01 3.19 14.18 13.3 0.01  1.63e-05   4 Validated     
 260647166 1233.02 3.19 19.59 10.6 0.03  6.08e-05   4 Likely Planet 
 260647166 1233.03 2.45  6.20  8.6 0.02  2.14e-03   5               
 260647166 1233.04 2.02  3.80  7.3 0.07  8.97e-03   6               
 153951307 1238.01 2.34  3.29 14.0 0.06  3.34e-03   1               
 153951307 1238.02 1.57  0.76  2.3 0.50  2.00e-02   2               
 154716798 1239.01 4.75 12.64 24.0 0.11  0.00e+00   0 Likely Planet 
 198212955 1242.01 1.81  0.38  7.6 0.64  9.25e-02   3               
 219698776 1243.01 2.97  4.66 13.7 0.48  3.14e-03   2               
 219850915 1244.01 2.55  6.40  8.7 0.07  1.65e-02   2               
 229781583 1245.01 2.29  4.82 12.8 0.15  1.74e-02   6               
 230127302 1246.01 3.88 18.65  9.7 0.06  3.00e-02   5               
 230127302 1246.02 3.00  4.31  4.3 0.07  1.81e-02   5               
 230127302 1246.03 2.73  5.90  3.6 0.08  1.34e-02   5               
 232540264 1247.01 3.10 15.92 14.1 0.02  3.53e-04   2 Likely Planet 
 232976128 1249.01 3.43 13.08 12.0 0.06  3.99e-03   1               
 237222864 1255.01 3.12 10.29 13.8 0.10  5.31e-06   1 Likely Planet 
 355867695 1260.01 2.46  3.13  6.9 0.05  4.05e-03   3               
 355867695 1260.02 2.87  7.49  5.9 0.05  8.71e-04   2 Likely Planet 
 406672232 1263.01 1.84  1.02  2.6 0.34  1.88e-01  16 Likely NFP    
 467179528 1266.01 2.60 10.90 12.3 0.02  1.68e-05   1 Likely Planet 
 467179528 1266.02 2.10 18.80  5.8 0.21  2.42e-05   1 Likely Planet 
 198241702 1269.01 2.31  4.25  6.4 0.10  1.02e-02   4               
 417948359 1272.01 5.97  3.32 17.1 0.93  6.06e-01   7 Likely NFP    
  13499636 1275.01 2.85 11.32  6.7 0.11  4.91e-02   3               
 153949511 1277.02 3.14 37.07  6.8 0.06  0.00e+00   0 Likely Planet 
 224297258 1279.01 2.81  9.61 14.7 0.03  0.00e+00   0 Likely Planet 
 391949880  128.01 3.06  4.94  6.9 0.10  2.76e-02   4               
 232971294 1281.01 2.58  6.39  5.6 0.12  7.58e-04   3 Likely Planet 
 352764091 1287.01 3.30  9.60  8.4 0.09  6.06e-03   5               
 269701147 1339.02 3.15 28.58  8.1 0.01  3.78e-05   1 Validated     
 229747848 1347.01 2.06  0.85  7.0 0.59  6.32e-02   6               
 199444169 1410.01 3.38  1.22 14.1 0.13  2.91e-02   5               
 116483514 1411.01 1.37  1.45  8.2 0.20  1.45e-02   3               
 148782377 1415.01 4.99 14.42 11.8 0.02  0.00e+00   0 Likely Planet 
 158025009 1416.01 1.76  1.07  5.9 0.19  5.32e-02   2               
 346418409 1423.01 3.70  2.76 25.0 0.63  5.48e-01   2 Likely NFP    
 418959198 1424.01 2.90  4.90 15.3 0.04  1.89e-02   3               
 293954617 1430.01 2.15  7.43 10.1 0.03  5.12e-06   1 Likely Planet 
 138588540 1434.01 2.22 29.89  8.8 0.03  3.71e-08   1 Likely Planet 
 153976959 1435.01 1.31  0.69  6.4 0.55  1.69e-02   2               
 154383539 1436.01 1.78  0.87 12.0 0.63  4.40e-02   2               
 198356533 1437.01 2.72 18.84  4.2 0.02  1.79e-03   3               
 233617847 1440.01 3.06 15.52  4.0 0.49  4.53e-01   2 Likely NFP    
 233951353 1441.01 2.73 22.10  4.4 0.06  2.67e-03   5               
 235683377 1442.01 1.21  0.41  8.0 0.84  1.01e-01   3 Likely NFP    
 258514800 1444.01 1.46  0.47  3.5 0.65  9.12e-02   6               
 259172391 1445.01 3.26  9.81 13.3 0.05  1.09e-02   6               
 294471966 1446.01 2.45  6.32  5.2 0.12  2.13e-02  14                           
 343628284 1448.01 3.28  8.11 11.4 0.12  3.43e-02   8               
 356158613 1449.01 4.02 24.71 10.2 0.39  3.69e-02  16               
 356158613 1449.02 1.82  2.37  6.0 0.57  4.54e-01  31 Likely NFP    
 377293776 1450.01 1.10  2.04  3.0 0.72  2.06e-02   8               
 417931607 1451.01 3.08 33.07  5.2 0.09  2.87e-04   1 Likely Planet 
 420112589 1452.01 1.77 11.06  2.1 0.46  3.86e-01   5 Likely NFP    
 198390247 1453.02 1.21  4.31  1.8 0.34  2.10e-02   4               
  16920150 1459.01 4.68  9.16 12.9 0.45  1.43e-01   2 Likely NFP    
 188768068 1462.01 1.83  2.18  7.8 0.09  9.03e-05   1 Likely Planet 
 229944666 1464.01 3.08 11.33 10.6 0.18  1.83e-02   5               
 237086564 1466.01 2.79  1.87 12.6 0.11  3.91e-02   7               
 240968774 1467.01 2.14  5.97  9.5 0.10  4.84e-03   6               
 243185500 1468.01 2.65 15.53 11.4 0.09  3.78e-04   1 Likely Planet 
 243185500 1468.02 1.38  1.88  7.9 0.32  1.51e-01   2 Likely NFP    
 284441182 1470.01 2.42  2.53  1.9 0.13  3.87e-02  14               
 306263608 1471.01 4.26 20.77  6.6 0.02  3.23e-05   1 Likely Planet 
 306955329 1472.01 4.78  6.36 14.1 0.09  8.98e-03   3               
 352413427 1473.01 2.90  5.26  5.4 0.02  2.43e-03   3               
 428679607 1669.01 2.65  2.68  4.7 0.09  2.29e-03   5               
 259168516 1680.01 1.55  4.80  4.8 0.30  1.08e-01   2 Likely NFP    
 321041369 1681.01 3.62  1.54 19.8 0.69  9.95e-02   3               
  58542531 1683.01 2.72  3.06  8.1 0.06  0.00e+00   0 Likely Planet 
  28900646 1685.01 1.56  0.67 17.2 0.65  5.35e-02   6               
 102672709 1686.01 4.24  6.70  5.7 0.04  3.33e-03   5               
 103448870 1687.01 4.39 10.26  9.0 0.60  7.98e-07   3               
 268334473 1691.01 3.68 16.73 12.2 0.02  0.00e+00   0 Likely Planet 
 288636342 1692.01 5.10 17.73  7.8 0.03  7.77e-03   5               
 353475866 1693.01 1.46  1.77  4.9 0.31  4.59e-02   5               
 396740648 1694.01 5.62  3.77 24.4 0.61  0.00e+00   0               
 422756130 1695.01 2.22  3.13 12.1 0.23  1.40e-02   6               
 470381900 1696.01 3.18  2.50  6.1 0.28  1.58e-01   8 Likely NFP    
1884091865 1697.01 3.13 10.69  5.0 0.34  1.72e-01   4 Likely NFP    
  15863518 1713.01 4.17  0.56 22.7 0.81  5.98e-02   5               
  14336130 1716.01 3.02  8.09 13.7 0.05  6.84e-03   2               
 257241363 1718.01 3.96  5.59 22.6 0.02  3.10e-05   1 Likely Planet 
  85242435 1722.01 4.29  9.61 14.1 0.02  2.72e-04   2 Likely Planet 
  71431780 1723.01 3.16 13.72  9.0 0.02  7.34e-04   3 Likely Planet 
  81212286 1724.01 2.26  0.69 14.4 0.84  5.21e-01   3 Likely NFP    
 241225337 1727.01 2.58  1.83 10.7 0.33  3.13e-02   5               
 285048486 1728.01 4.92  3.49 25.5 0.10  0.00e+00   1 Likely Planet 
 318022259 1730.01 2.58  6.22 22.7 0.03  1.69e-02   3               
 318022259 1730.02 1.48  2.16  8.8 0.22  1.08e-01   3 Likely NFP    
 470987100 1732.01 2.66  4.12 15.0 0.06  1.59e-02   2               
 159418353 1739.01 2.24  8.30  7.9 0.10  0.00e+00   0 Likely Planet 
 174041208 1740.01 2.51 19.43  7.6 0.05  4.23e-04   3 Likely Planet 
 232650365 1746.01 1.83  2.53  2.3 0.50  1.95e-01   3 Likely NFP    
 408636441 1759.01 3.50 37.70 10.6 0.03  2.36e-13   5 Likely Planet 
 420112587 1760.01 1.74 11.06  8.4 0.56  4.91e-01   5 Likely NFP    
   4897275 1774.01 2.90 16.71  8.0 0.01  1.13e-04   1 Validated     
  21535395 1776.01 1.58  2.80  7.6 0.29  9.57e-05   1 Likely Planet 
  29191624 1777.01 2.82 14.65  5.2 0.05  3.13e-04   1 Likely Planet 
  39699648 1778.01 3.43  6.52  9.9 0.07  3.54e-03   1               
 160045097 1782.01 2.47  4.99  7.4 0.05  4.87e-03   1               
 229938290 1783.01 0.73  1.42  0.3 0.74  3.19e-02   3               
 286916251 1794.01 3.84  8.78  4.0 0.04  1.16e-03   2               
 368435330 1797.01 3.30  3.65 17.4 0.03  4.46e-05   1 Likely Planet 
 198153540 1798.01 2.33  8.02 10.0 0.05  1.87e-04   2 Likely Planet 
   8967242 1799.01 1.93  7.09  8.3 0.09  2.94e-06   1 Likely Planet 
 119584412 1801.01 2.15 21.28  5.2 0.07  0.00e+00   0 Likely Planet 
 138762614 1802.01 2.46 16.80  8.4 0.08  2.67e-02   2               
 144401492 1803.01 4.51 12.89 17.4 0.29  0.00e+00   0 Likely Planet 
 144401492 1803.02 3.08  6.29 13.9 0.02  0.00e+00   1 Likely Planet 
 148679712 1804.01 3.01  4.93 16.6 0.05  5.08e-03   4               
 165763244 1805.01 3.23 24.07  8.8 0.03  1.40e-03   3               
 166648874 1806.01 3.04 15.15 11.4 0.02  0.00e+00   0 Likely Planet 
 180695581 1807.01 1.48  0.55 15.3 0.28  8.66e-03   1               
 390651552 1827.01 1.40  1.47 21.3 0.02  1.05e-02   1               
  27194429 1831.01 7.18  0.56 12.2 0.87  2.98e-02   2               
 307956397 1832.01 7.71  4.15 22.5 0.71  2.28e-01   1 Likely NFP    
 347332255 1835.01 2.15  5.64 11.2 0.57  0.00e+00   1               
 381714186 1839.01 2.49  1.42 11.7 0.27  0.00e+00   0 Likely Planet 
 202426247 1860.01 1.61  1.07  4.3 0.54  3.39e-01   4 Likely NFP    
 188589164 2013.01 1.03  2.61 12.8 0.20  0.00e+00   0 Likely Planet 
 368287008 2015.01 3.38  3.35 16.4 0.26  1.23e-01   1 Likely NFP    
 219508169 2016.02 2.80  2.46 14.3 0.04  4.13e-03   2               
 357501308 2018.01 2.22  7.44 12.2 0.02  1.86e-04   2 Likely Planet 
 159781361 2019.01 5.78 15.35 11.9 0.02  0.00e+00   0 Likely Planet 
  11996814 2022.01 4.37  0.45 25.0 0.99  4.35e-04   7               
  16884216 2023.01 2.47 11.19 17.4 0.03  0.00e+00   0 Likely Planet 
